>AWTCGAWTCG	AWTCGAWTCG	6.367962	-144.092505	0	T:345.0(0.57%),B:38.9(0.06%),P:1e-62
0.532	0.188	0.167	0.113
0.357	0.151	0.200	0.293
0.112	0.183	0.042	0.663
0.108	0.522	0.261	0.109
0.134	0.232	0.532	0.102
0.638	0.086	0.200	0.076
0.393	0.135	0.187	0.285
0.111	0.134	0.050	0.705
0.110	0.565	0.225	0.100
0.053	0.223	0.669	0.055
>RTTCCATTCC	RTTCCATTCC	8.836257	-153.403152	0	T:413.0(0.68%),B:58.4(0.10%),P:1e-66
0.481	0.001	0.517	0.001
0.001	0.001	0.194	0.804
0.001	0.001	0.001	0.997
0.001	0.997	0.001	0.001
0.001	0.997	0.001	0.001
0.610	0.001	0.388	0.001
0.001	0.023	0.001	0.975
0.001	0.001	0.001	0.997
0.001	0.997	0.001	0.001
0.001	0.878	0.120	0.001
>ACCCYWACCC	ACCCYWACCC	8.510438	-23.878970	0	T:71.0(0.12%),B:13.2(0.02%),P:1e-10
0.688	0.144	0.089	0.079
0.290	0.522	0.105	0.083
0.065	0.708	0.138	0.089
0.078	0.698	0.147	0.077
0.106	0.347	0.169	0.378
0.422	0.133	0.110	0.335
0.643	0.147	0.105	0.105
0.307	0.495	0.090	0.109
0.085	0.722	0.128	0.065
0.071	0.728	0.145	0.056
>YAYRTATATA	YAYRTATATA	9.112176	-14.937906	0	T:59.0(0.10%),B:16.8(0.03%),P:1e-6
0.133	0.317	0.162	0.388
0.518	0.223	0.258	0.001
0.059	0.436	0.081	0.423
0.442	0.024	0.522	0.012
0.001	0.128	0.115	0.756
0.638	0.027	0.321	0.014
0.001	0.086	0.001	0.912
0.799	0.001	0.199	0.001
0.001	0.292	0.005	0.702
0.766	0.025	0.184	0.025
>ATATATATAY	ATATATATAY	9.540594	-0.001930	0	T:1092.0(1.79%),B:1225.5(2.02%),P:1e0
0.608	0.001	0.390	0.001
0.001	0.410	0.001	0.588
0.640	0.001	0.358	0.001
0.001	0.302	0.001	0.696
0.730	0.001	0.268	0.001
0.001	0.001	0.001	0.997
0.675	0.001	0.323	0.001
0.001	0.001	0.001	0.997
0.758	0.001	0.240	0.001
0.001	0.394	0.136	0.469
